0.296610	-0.3796600602124734	1.8460391571980674	1.1920475257491994	1.4924012886584821	0.5366127047930603	0.7364849249094415
0.100616	-0.3796211410416950	1.8460438526344498	1.1920150903305036	-3.5763419697739782	-1.8673966471756769	0.2296078758717935
0.222225	-0.3991846392373340	0.0463098154994684	0.0242959640997977	0.8218256107017431	0.1268917353360810	0.2881472492665866
0.088655	-0.3994722338705939	0.0468486459785424	0.0246153177674746	1.1942703623351805	-0.5024493909495006	0.0210652953202747
0.080966	0.1140027063910977	0.2595551141073185	-0.0095062400409582	-1.8832440819162581	-2.4110161628276674	-1.1017843250682207
0.675154	0.1138255724588565	0.2595719199144749	-0.0093976817330751	0.2218794291591742	1.0203547780625792	0.8648214977767725
0.594547	-0.0680828328799930	-0.5109945544600824	0.0765983070099673	-0.9952284359839751	-0.8792851114758795	-0.6214861045232645
0.095899	-0.0679763546273489	-0.5106168807443293	0.0766459813658234	0.8862303771139493	0.3650037187163543	-0.5758678584111676
0.177458	-0.3704790771052219	0.1145407553045947	-0.1222400197755372	0.5124310950522122	0.2609518051687931	0.2503164788420870
0.439425	-0.3699318202002492	0.1129004102935988	-0.1176827089753151	0.3490494669390902	0.4060714430772659	0.1570822230463120
0.105299	0.6445954192608884	-0.3854979512044597	-0.7457330989929476	0.7296617001687132	-3.3338455117703378	0.4597244559657978
1.134871	0.6443345698654265	-0.3850421748463172	-0.7458675614008907	-0.4383552431059017	0.0906176803507469	-0.9760373999774125
0.205960	-0.4517179593000972	0.9887280727456722	-0.2443826213679514	-0.6388610642592689	-0.0356034973507256	-0.0880481475365776
0.167626	-0.4525951903160317	0.9907756541426594	-0.2455475568320833	-0.7496090917726257	0.2209323949210427	0.1771353075875515
0.350061	-1.4897341220816347	-0.0539365500789102	1.3189291657230362	0.0787916247785416	0.3936246774055825	-0.1186092220173151
0.142179	-1.4906699859621428	-0.0563671470837504	1.3213779350098060	0.0961155677044101	0.6445097951846598	-0.3142407816362733
0.284639	-0.2081616279977808	0.6280997767371482	0.6131605512727216	-0.5927463741670834	0.5425801643703674	1.0647387023906645
0.385580	-0.2069109186329887	0.6308125701633582	0.6073220098116341	-0.2736044468869702	0.4277470440622489	1.0409684484384321
0.081919	0.3491085172407771	-1.3983731379563606	-0.8623482633415843	0.0184527748052558	-0.4466170762298105	0.7436613291292449
0.187984	0.3444090530510399	-1.4147599455459519	-0.8749517421664141	0.0460162286535788	-0.3596887644660395	0.6787509580392102
1.522893	-0.0791530093270439	-0.1118714393933663	-0.5084283510115444	-0.8072536218345145	-0.0681103959912648	-0.4900791466935294
0.454525	-0.0816744286316314	-0.1132086744083949	-0.5098767723141938	-0.2550130891788295	-0.0925226049404072	0.5106320713190611
0.551363	-0.1064811551838940	0.2668138795206195	0.1497574281154089	-0.7601396284602610	0.9167490499644908	0.1272033094490590
0.356811	-0.1147916884696161	0.2864363355858857	0.1577131652444493	-0.8920531064158391	0.6949493312413491	0.1544959605213204
0.595016	0.6970507478338469	-1.0219937245464843	1.9823772509445510	0.1168509456529952	0.0189933311280060	-0.3382922664800877
0.097382	0.6968851639491634	-1.0219716504700000	1.9824552017197001	-1.8514283615452689	-1.9338769444231667	0.4544993874181196
0.329002	0.0380587695344896	0.9424812302844928	-0.2601080172363983	0.1021205912369896	-0.1449387536341242	-0.7860381495795959
0.175318	0.0393457100783281	0.9417156769638949	-0.2597523392443251	-0.7914445718971729	0.7187355159687421	-0.1247878667907003
0.167979	-4.7418706145297636	2.8496022374753331	1.7931258691576881	0.0346835046795253	-0.4152574211251786	-0.9458712949225253
0.191555	-4.7415646804638572	2.8490748137912925	1.7930582108374657	-0.8967265913046304	0.2902247508239133	0.4153163038122571
0.441136	0.4817958165512788	-0.8888722835245580	1.4322933244690357	-0.1403834685550572	-0.0224800652252052	0.2537278320437896
1.991113	0.5485104252362963	-0.8572546712100370	1.4479396303812622	-0.0449174302859240	0.0012435814663203	0.2490886336345397
0.200849	3.1540806182225909	-1.1007641086810378	-1.4909540331652167	-0.0613377714628333	0.2526024968521641	-0.1618446608940357
0.269364	3.1869771633124468	-1.1092803672793292	-1.4883909382663514	0.0236187250833493	0.2567773298428153	-0.1564759103910743
0.209506	4.3182752439785128	0.1002593388239752	-1.6798124536107344	1.4698100436215691	1.1449336614951753	-1.3106900552728618
0.183014	4.3183052306641763	0.1001823246067238	-1.6797499488691467	-1.5022747308639868	-0.9059168754456778	0.3677086579443340
0.189423	0.3310531577187633	0.3099789042259479	0.2270493393130702	-1.6929593968363503	2.1040461795291621	1.3811752392091037
0.546114	0.3311370832842658	0.3098453515704476	0.2270721909770870	-0.0449848010569947	0.5393316379463942	0.4518422596730733
0.081441	0.3741569690359061	0.0525909056145570	-0.1892110463684855	2.7282997235471544	-2.4842647005267180	-0.4234968159232371
0.777563	0.3742997641050162	0.0525915599722480	-0.1890159055583150	-0.6643979392806176	0.4084914973691250	-0.4617233007232114
0.082970	-0.5596919941869850	-0.1784775800956386	-0.5721118309501579	0.0622680191139427	-0.0220337658318102	-0.0851637167926597
0.167423	-0.5594385053758922	-0.1783974989487937	-0.5707047775623734	-0.4814845482784999	0.0415232925954152	-0.1239723892886304
0.085653	-0.2464265973818515	-0.4045308586504510	2.7245691887430192	-0.4083589377903814	0.1529212310074379	-10.4359299404548569
1.427411	-0.2464021772682718	-0.4045130697506241	2.7245688542541449	0.0447468803856773	-0.0668346040542379	0.2596254351881825
0.154579	0.0086012999492723	0.6897942164214922	1.3764755138862230	0.3786651586354404	-0.0951474861001396	-0.1294159793358221
0.203278	0.0083388537891970	0.6888734381698688	1.3708002433733628	0.1395735621139419	-0.0606672992902627	-0.4228039607310121
0.323179	0.3188081013568386	-0.2199406340463788	0.2843597191385171	-0.5582991977319085	-0.2040896127909522	0.1573765951213121
0.086492	0.3183546820351323	-0.2192399871007067	0.2822271715856605	-0.1761266606767824	-0.0873362645110008	0.3581942115685895
1.048895	0.6326042784589767	-0.3822197043886778	0.8768296035023876	0.1002102045443903	0.5447061962556595	0.3556431025194537
0.211678	0.6373635448531453	-0.3793786391581118	0.8723384345693915	0.0185340283363738	0.3960830914782854	0.3042183734365348
0.348893	-0.2670973743233804	0.2393365465333410	-0.2701825571989513	0.7569660027816244	-0.0399793048668863	-0.4885194502642936
0.453810	-0.2671525423623090	0.2399768436993439	-0.2706600479621531	0.4556689460446434	0.4038230828985772	0.3485590103749612
0.101887	-0.5547599545023880	1.0772082672502030	-0.3439332269265851	0.1759338386211656	0.1798920036476785	0.9277158504797934
1.023494	-0.5575938529590855	1.0765204484505679	-0.3380326221533877	0.1935031142245541	-0.1075463191179567	0.9963503142336099
0.211133	-0.1818126799080069	-0.0490682324304248	-0.7392734442902805	0.0634621570263968	-0.3117130306953164	0.4176163598543714
0.647729	-0.1767506098127985	-0.0448752593199018	-0.7385371089247710	0.4031015109147501	-0.3388875261640981	0.2784299410430932
0.099121	-0.0398631211230394	0.1407679336570271	-0.0436697474502021	6.3057534815078577	-5.2819156844002668	1.3270266712647121
0.489948	-0.0398326184932089	0.1407802409578706	-0.0436971179295849	-0.6151543363332418	1.1918602783615768	-0.0562569803911623
0.192655	-0.4833863185658028	1.1559282719265642	0.2754190300480431	-0.3934495352305837	-0.3426556456721166	0.2207978395624781
0.224559	-0.4869755900234819	1.1539838323334128	0.2746804708770099	-0.5112608071059004	-0.1824069144730746	0.5096586173760933
0.171085	-0.1388739197404329	0.7465772256738977	0.2012637957059573	-0.7077891278063652	-0.3466182692379786	-0.5726286378735111
5.493981	-0.1372706560342269	0.7472293799748783	0.2043240073886960	0.1052267123935488	-1.0380771172737713	0.0759037763640340
0.204053	-0.0509134478110376	0.6425722614064576	0.1503391021122559	-0.4114833463458180	-0.0744888125681033	0.5879547678515823
0.827003	-0.0535759237662756	0.6459018637649135	0.1147114097312881	-0.2669241528298876	-0.0115808611202324	0.2993077915404027
0.283682	0.7372377608830651	-0.2297230437459639	0.2070831375119729	0.2300959471182793	-1.2579205108591260	-0.1996888374523127
0.105603	0.7373502195316555	-0.2297620401517505	0.2071622646423747	-3.3925554033768552	0.3038993731727383	-0.3485285136509607
0.269922	-0.1825487479086466	2.0115585920887500	0.5482199754171087	-0.3131746018467460	0.1901463302637960	0.3666496113891106
0.201118	-0.1853740442277456	2.0154401615145354	0.5596445953610943	-0.3085582540648967	0.3753891604740591	-0.0585225879756840
0.145940	-0.7544041898403957	-0.2819371302379143	-0.3163686155622332	0.2345855819412324	1.0936685912454540	0.0054044093206623
0.892091	-0.7520579713048871	-0.2789301459285484	-0.3175016235425426	-0.3141937124348255	0.2297601766608099	0.0989623270344538
0.271055	-0.5212524329426182	-0.1877453399860885	-0.5704099216772787	-0.5911899207991416	-0.3776181342793461	0.2099330493984700
0.348549	-0.5214549986552885	-0.1737958981448526	-0.5768362054313917	-0.2466593836884292	-0.4609840733993699	0.0791950233476299
0.303605	1.4267492840099429	-0.2312560370812414	-0.0062022380935219	0.6507118580604090	0.0313039912083989	0.0957234703187628
0.641347	1.4171786464467824	-0.2258563466319476	-0.0005260459019949	0.9158077825573506	0.2715175225624368	0.0977032396623775
0.393127	-1.3590073195136774	-1.3279490697822347	0.9636819112560447	0.0675180465156191	-0.4749411002284825	0.6804691113815373
0.236791	-1.3624387365482513	-1.3236996661067286	0.9640101093044208	0.2445961638564115	0.0394995350908445	0.6103972534004860
0.574307	0.1085113845100582	-0.2431182545593730	-1.9887612824843119	0.0830873317624686	-0.1051969790242807	-0.2066853181905099
0.195682	0.1079423553217849	-0.2427323432875411	-1.9890849899091163	-0.7180764612010158	0.7254619939230318	-0.0172653023658481
0.095942	0.3548749972264505	0.6573280744742499	-0.6242343335749906	0.8875838707835916	-0.0359325735967804	0.5559997857961602
0.190809	0.3487101191934501	0.6456187022306485	-0.6293616450352154	0.9749039448553936	-0.2814317408327122	0.4898457548048593
0.081981	-2.0166888063416688	-0.3795937680451383	0.2040162425018034	0.7878425192704372	-0.5453432035103414	0.5653944362796628
1.346759	-2.0082594412440895	-0.3776411670862375	0.2098162203357412	-0.0863281831047933	-0.2891786751464799	0.2575743718432361
0.355977	-0.5998203775717033	-1.2973370120106278	-1.5825473926687930	-0.4555751921479452	0.2854692879936844	-0.1141188243151713
0.146017	-0.5997523146259570	-1.2973988300637860	-1.5826358472170217	-0.4522648721517917	0.8103325663986379	1.0242171136372316
0.248466	-1.0140265298352418	0.6786259414506088	-0.4416564500314721	0.5087169098833403	0.3777267148287473	0.2329729876420389
0.100934	-1.0216786178201258	0.6814056896777504	-0.4391752302282020	0.1171575937816183	0.2855924975145167	0.1751747420819261
0.126029	0.4660821350519535	-0.3776987111687125	-0.3912427282755673	0.3127840556526100	-0.0753686346920370	-0.1372807192208086
0.577157	0.4870872865839896	-0.3757548750908983	-0.4132182657941069	0.1172791382843320	0.0522309451341597	-0.1809245344923082
0.089779	-0.6770525407538649	0.1308571656097759	0.1630037765413641	-0.6047484323189634	-0.0799812040267868	0.6476147371578185
0.730432	-0.6731848116944504	0.1341334330954392	0.1564127957174093	-0.0959432149449250	0.0553155042504157	0.3865470882719227
0.265981	0.5334599112248548	-1.2323746558409883	-0.6508494935406434	-0.9862521901187508	0.5192237004624782	-0.3326196100003834
0.107703	0.5336144759646868	-1.2323813418662006	-0.6508863864496790	0.8572369415812219	1.6779679973755701	0.0384659568777690
0.143115	-1.0585549787659441	-0.5336888866458758	-0.0824127474063868	0.5133457906471657	-0.1863036730334688	0.1335983160447212
0.526079	-1.0594607209099520	-0.5388866122642342	-0.0905395699382259	0.6921681895174984	-0.1190632820797827	0.4734366611116276
0.235124	2.0750526634676496	-2.6530918503389516	-1.7199637367038665	0.2975067351093531	-0.2106233251553245	-0.1312338979710202
0.239299	2.0748809122639833	-2.6610679714445671	-1.7289414258786273	0.0293864185486737	-0.0829364246245333	-0.3068435019593665
0.090294	-0.1895084774712249	-0.1166768718563131	0.2559534069153115	-0.3836072210811738	0.0117471922182914	-0.0767963801185598
0.323016	-0.1743791536406670	-0.1314198183928677	0.2562162782630825	-0.5451167552801495	-0.1409398771101424	-0.0409485246212289
0.132805	0.1814867927305105	7.0210196603039421	3.7759947683758477	-0.2719388654448366	0.1919498162791616	-0.0209666016581190
0.088047	0.1804988432170678	7.0081262074026673	3.7625465491863284	-0.4160028444385105	0.0169640747758025	-0.0104659166763052
0.171645	-0.6015033391330911	-0.2105720343576347	0.9861864284074683	0.2361431053947749	-0.7957553107156492	0.2919251911049895
0.290495	-0.6002270958453275	-0.2132468323443467	0.9839337368513379	0.6565617530214712	-0.4817723122914379	0.3743386491858309
0.392721	0.0811178117696544	-1.1150412647741770	-0.2739970520880535	-0.1406100321582106	0.0006307017524678	-0.8118744765855904
0.096822	0.0988565851029558	-1.1128520952659315	-0.2905452361556020	0.0645406330297388	0.2485135849601438	-0.7888590161130887
0.312633	-0.2997268775543924	0.0239637757569458	-0.8069536848854389	-0.5744348839879643	-0.1985810923962577	-0.3906672244021338
0.103127	-0.3024191364567918	0.0231626082910877	-0.8070674746327652	-0.5536952438878695	-0.1444264218322848	-0.0428477743963619
0.483537	-0.8932431178091393	-0.6818205762662729	0.4349971147354037	0.4956209237129118	1.0530160467065288	0.7139601655572733
0.730306	-0.8918927283402650	-0.6814141804555616	0.4362458976868779	-0.4271811015895259	-0.2793066254207718	-0.3593289744807980
1.402066	0.0494423607226230	-0.1883601216699563	0.1393682787179795	2.2625507499241535	-0.7973299484633111	-0.5605539852615126
0.171694	0.0494386457973406	-0.1883482333427346	0.1393574625575375	-20.2891308085084745	8.1072241951192741	7.1198496062807424
0.335500	-0.4081797361649926	0.4184679500714225	-0.6667118202671781	-0.4651616824179417	-1.0252222395904760	0.9674870285315561
0.227190	-0.4082391161813517	0.4184075957221317	-0.6664248990288056	-0.3998831000842579	-0.3805939854337291	-0.2273617874801841
0.233475	-1.3587215904271444	0.0006270155854876	0.1136168046914249	2.1021085921098330	2.3114052714935460	0.0520141391907570
2.169983	-1.3589824046538801	0.0016550607902713	0.1129147293418157	-0.1614748930221605	-0.4444963114455192	-0.2153224199569246
0.308661	-0.7554209659715692	0.5073472321204067	-0.9416454056122845	-1.2531661357154966	-2.5203960776336265	-2.0138829335333397
0.416595	-0.7554492044785545	0.5073471394603715	-0.9415492360278952	1.5363335304271433	2.8928156948368979	-0.0714196767600672
0.113929	0.0673254770214226	1.1662733836437829	-1.3697093413341777	-1.3599943979138016	1.3211679241536811	1.7008783711130420
0.356150	0.0674700038533938	1.1664102778035417	-1.3697433636088043	0.1956860411817089	0.0706669165623606	-0.0178189926516076
0.106591	0.0109357627440752	-0.4908929196584461	0.1371919022260548	0.4455238316390628	-0.5724247109094014	0.9263518658131127
0.546316	0.0047408173798076	-0.4897795142034633	0.1318427923738054	0.3222556345515621	-0.4787481600661598	0.5805197452726466
0.708302	0.4656767989627352	0.0368651930188338	-1.3441896773214821	-0.0031641941072126	-0.3266864805404135	0.5370644705182206
0.181855	0.4644105864795793	0.0411570872275475	-1.3462528823893778	0.6985303189581050	0.0794870428656600	1.1175593694327735
0.587972	-0.1781990472955158	0.7381001114754899	-0.3132500590956475	-0.5963921570744251	-0.9029418236719786	-0.0648287399083739
0.365989	-0.1653827912496886	0.7354501896372727	-0.2602791114393383	-0.7382795822729115	-0.8194710357961631	0.0455108141919204
0.353028	-0.2519124543587840	-0.1405203304727949	-0.2311687211272237	0.7309012082809528	-0.1491498943304135	0.8912282984844389
0.122675	-0.2405867470186502	-0.1316546716082465	-0.2285180319875867	0.5975120070858561	-0.3610358583625064	0.6545011359638425
0.111541	0.9094411911934169	0.3913635938175419	-0.1703336434500936	-4.6981362331860916	-0.7252659243604287	0.0393791388944596
0.170836	0.9094559520729640	0.3913801519519485	-0.1703375118667050	1.5574386163395368	0.9544486993051349	0.3910850148360663
0.151802	-0.3299172286263495	-0.1492795771437486	-1.0617740402372766	-0.2839715358570165	-2.6463498560711334	-0.1019439964283019
0.284600	-0.3299125735204001	-0.1491562991291530	-1.0616208187010521	-0.4198165216807577	0.4328786031813259	0.4020756182881496
0.088694	-0.2331383577532625	-0.7699325073226180	-0.7166852031732319	1.0463643769204263	0.2180941090616813	-0.7166285067145708
0.129431	-0.2317629957888261	-0.7696776544179322	-0.7159923088944243	0.1790851840199011	-0.0306476687258858	-0.5053327852853604
0.105168	0.3173927087674916	4.7552320284258993	1.8553879543614606	0.6672069585049235	-0.4018644640284181	-0.7241144560980202
0.100983	0.3174260014071015	4.7551609637169223	1.8555038187850270	-0.2565003012017025	0.3592347040926795	1.7962653451728801
0.315026	-0.4376673982357202	0.8179451713758908	-0.1014479224007487	0.3402649741516030	0.3381123446575667	0.0217655971840321
0.204608	-0.4368431681182040	0.8130665393006575	-0.0962851127222576	0.3931199263382746	-0.1438229066808083	-0.1469979029715644
0.409351	0.4193542210223966	2.2123263244603688	-1.3696460070464529	0.4499873810344857	-0.0658194343416048	-0.1073903830331403
0.080983	0.4259463601929542	2.2078924518468828	-1.3702782302425640	0.3758875521304453	0.1047054869897256	-0.2991919058206580
0.303228	-3.2182901364172873	0.5970879307131541	1.0436856825020957	-0.0939563770554986	0.1090972046743296	0.1659862615007675
0.134318	-3.2213590022405509	0.5978064468456520	1.0628092050361457	0.1369876315891745	0.1963937957872331	0.0526858885965481
0.309588	-0.1633702875609758	0.0743319859664472	0.1018809632778885	1.3124159534348925	0.8196289806524748	1.4409055638475152
0.214866	-0.1633481299584781	0.0745759240159688	0.1018439595160176	0.2400239486843483	0.8536362574530358	-2.0176133385704356
0.205306	-0.3580989916651183	0.1118159142872286	-0.1257363390537173	-0.0306171182407526	0.6560744072590078	-0.0546987199100207
0.353764	-0.3696387571824336	0.1084735244411145	-0.1325198277511173	0.2961967772140510	0.7440886613288561	-0.1931682057321663
0.523396	-0.6686842462165075	-0.6301431753988902	-0.4897280231921987	0.7455530072887653	-0.0832240391012963	0.2460158445910460
1.318440	-0.6733790303059322	-0.6319880737705001	-0.4928565814820920	-0.1121246847572888	0.5845583806127855	1.0259223693681889
1.593851	0.5261451883464046	1.9368194776947851	1.5038890771431677	0.4199034237684239	-0.6451209112015940	0.5297227389606628
0.419898	0.5262447901148145	1.9371053240842260	1.5034244006877837	-2.1045259926815434	1.6103630260078103	0.2776395906987501
0.100049	-0.4269330145496603	0.5136497521191277	0.2250662611957155	2.7153290309579345	-1.6080957608662978	2.2096984778441171
0.434386	-0.4269977423312972	0.5136882914231379	0.2250225975316546	-0.8722999002631098	-0.6741159660863323	0.3935119774660925
0.364573	-0.5862269125939862	-0.4207573096784794	0.5870601138869920	2.6198128818580320	2.6563053868517752	2.8591519272162267
0.419289	-0.5862240346113526	-0.4207696870337568	0.5871556865872998	-1.8373999818703184	-0.8612506379449919	-1.8260699764793209
0.107141	-0.0762597213711125	-0.0634884374307743	0.2577445001083259	1.6902287840172614	4.3206982079086771	-3.7097292187621878
0.559883	-0.0763245789317155	-0.0634654744552981	0.2576631882739275	0.4404677957982634	0.2296026911906670	-0.0704032775545185
0.143014	-4.8675188432345529	2.3209154213369225	0.8390341195978833	0.0790328501629922	0.0291541958508329	-0.2040421095359781
0.497924	-4.8701861867421501	2.2940759886889048	0.8232879320480807	0.2050940835912734	0.2219673705559043	-0.0420595953371557
4.386747	-0.5066135350429382	0.5910648207270308	-0.6419055757754365	-0.7425734185221426	-0.1090333373558166	0.0744957998507616
0.742279	-0.4280960593223270	0.5846697981733979	-0.6117693546602279	-0.6972340013725121	-0.4934787241509596	0.1061546880108027
0.163396	-0.4447755507411253	-0.1424721681817553	-0.9284263292455786	-0.6561484982579898	-0.3736378544710369	0.0449168444399811
0.136000	-0.4319772995176492	-0.1602154466216346	-0.9405876150914754	-0.6442716619288035	-0.4996756141936196	0.1069235190081644
0.092968	7.5332429147320425	-2.0534905175409857	-0.4502452621426267	-0.2256389663330857	0.2128920999725898	0.2200195011486770
0.091132	7.5327693136065967	-2.0530421093115114	-0.4507759116946641	0.3684370088766832	-0.0421266999285673	0.2943856056330554
0.388656	1.3790019135967462	-0.4361178407261273	1.3900550809882237	0.5755360264166794	0.2935067705451150	0.2648086268306378
0.350035	1.3849838352013606	-0.4228102426215601	1.3865299437977407	0.6838098342894634	0.2541466115248880	0.1109227672355303
0.146945	-1.0705731366868760	2.4284693227692187	-1.1399952506183455	-0.1013973256718183	0.1052501392671007	0.6386636920197156
0.183602	-1.0741555515372716	2.4290400318997065	-1.1417879999036067	-0.5882022647242585	0.5575734459753637	0.3989509181033956
0.266452	0.9705699762944106	0.5315289178805439	0.1877273950919551	0.3868813815029318	-0.0278268147405423	-0.6877448313863046
0.108125	0.9707571709188695	0.5279892422120389	0.1865068382929013	-0.0597158338018379	-0.1732191515908504	-0.3168332988875658
0.441997	0.4096676065938475	-0.1620077854641563	0.1244796388972513	0.6147520976907855	-0.0455907080807512	-0.0432364733326212
0.621928	0.4198093974063919	-0.1616067308049668	0.1335156161918205	0.7632339083448972	-0.0670284768648591	-0.5480860476029151
2.927631	-0.8542016689185725	0.3458420734727197	-1.4978463999998060	-0.4653866861963502	-0.2212568307920005	0.3171436977664762
0.186494	-0.8541508984105288	0.3465087644636240	-1.4971332195681284	0.9568060480582405	1.9788239392239986	-1.7513316920485713
0.122390	0.6848631110876763	-1.7632635832475212	0.7346902031976101	0.4416523789123441	-0.2897008643974927	-0.1065995520583903
0.082177	0.6849612415868579	-1.7632927366877831	0.7351408638490891	0.5642977832487529	-0.3021572736936721	0.8329106003508739
0.901649	0.7081379448756562	0.1127676091741818	-0.5794072860051385	1.7371227444019732	3.2976309656168454	2.1181063360995891
0.129267	0.7081419587929756	0.1127671971969366	-0.5794009181834572	-7.7255140322740772	-21.1034990116173304	-12.4503095649401665
0.167880	-0.2937533730757358	0.1277114353416015	0.2099293108703867	0.4471385806902032	0.3715408386002230	-0.4288259798060892
0.922253	-0.2995724850595579	0.1124649143991688	0.2046530475676337	0.1864287664730394	0.3028459679818079	-0.4404133035680941
0.459549	-0.3500388554751844	-0.1066248806915606	-0.2499544629773656	-0.2628116504312672	-0.2226481092629984	0.3200929281232439
0.406597	-0.3508218105600578	-0.1067711759935460	-0.2501388616989836	-1.0284169459900532	0.2743953093305952	-1.8399819618185478
0.156887	0.1049149247661001	-0.3138221846585419	-0.3242395884016348	0.6420913186065268	0.2431347478840224	-0.0957555079421927
0.272472	0.0962437685383803	-0.2980005620040856	-0.3147997009691670	0.8352471287636003	0.3105098246522348	-0.3055434591560608
1.543505	0.4552140976034382	0.2753995719967402	0.4930197124273878	0.2839835312845918	-0.3372882596263440	0.3317683530659004
0.415846	0.4634256105507876	0.2586427865858393	0.4949192291500333	-0.0463345397177441	0.0190924548474919	0.7497172633060777
0.258873	0.1169382009526007	-0.2009925715066893	-1.0052008135560804	0.4652473635708865	0.3976572264611746	0.9510587100663461
0.229030	0.1170442532580584	-0.2006887815456251	-1.0053526998411846	-0.2373940710036714	0.5253213887310204	-1.5152927791031348
0.165264	-0.3142742042157787	-0.1720071523364368	-1.4744466148882653	-1.2545623159438930	-0.6066072873370720	-1.7134010753214812
0.148654	-0.3142399497514163	-0.1719803031609340	-1.4744199189625657	0.6617487336010390	-0.1808650823167754	1.5107073698341407
0.414696	-0.1720905214790265	0.2129636312774559	-0.5926024096485902	-1.2257515402550205	-0.4122456665949227	-1.2366337438040804
0.400354	-0.1719798787907786	0.2130516365933365	-0.5927502594632883	1.2046316613233767	-0.1371403198759882	2.4862051232144760
1.739345	-0.3244503110900343	0.5453508167343867	-0.1166322832786036	0.7097817327076629	0.5734804740241659	0.4866600617963848
0.083365	-0.3214815046089344	0.5476426865406507	-0.1182990689911959	1.6009480384802610	-0.2431273778950175	1.5468136312986833
0.081870	5.5919348365345618	-6.2893520780297756	-2.4630547833952354	0.9993708613590926	1.1519907191086616	-0.6662220184377285
0.095348	5.5919528102108780	-6.2893531250564578	-2.4630783958068498	-0.7544507126714496	-0.6289400581399077	0.7934348361018370
0.111671	1.8998453151032184	1.5490394066428939	-0.7624271176557577	-0.0579768173444676	0.0940384472566194	-0.4776153329066218
0.159332	1.9048163909490119	1.5321164888452010	-0.7478989971106492	0.0883848622808189	0.0296459495314694	-0.4047527078420230
0.184756	0.5682858865565398	1.5779884601786089	-0.3124375208761782	-0.4099522346974939	1.0374599028900646	-0.2583660862270494
0.395444	0.5680837711386567	1.5773421155166660	-0.3125568981000795	-0.8122802178512150	-0.0514008632278955	0.3326148016539249
0.112246	-8.5785255774360216	1.9086376560547940	-1.6895461543775523	-0.2564889850220385	0.2856332581976089	0.0374105413456184
0.098934	-8.5665280509506943	1.8942467218842787	-1.6933180733969295	-0.3064628028927486	0.2174350682334852	-0.0026520394709856
0.148085	-0.9067335576417054	0.2166687173031877	-0.2264838964638029	0.0813113420340489	-0.4054472062886427	0.4471887095126171
0.113970	-0.9041353391170119	0.2293180085752685	-0.2178095113423548	0.2343802189979064	-0.3707124762934932	0.4753075851402544
0.140119	-4.3550486354690019	0.6722329705171350	-1.7304194507222583	3.8183869379839015	2.5521565606556691	0.3410179239499079
0.360726	-4.3550256406132659	0.6722120309169913	-1.7304103796481258	-1.6395958837210833	-0.8808503616061852	0.4160636227707259
0.100971	-0.9772433909625392	1.2669113551584192	-0.8958307264345242	0.7840799580649387	-0.7191606874034724	1.8820233767667844
0.283752	-0.9773381942083090	1.2669458541836640	-0.8957321125872810	-0.6096435589929733	0.4974122692312770	-1.1119316940910413
0.144195	0.6661768329162363	-0.0971261117900391	0.0945743297787985	-4.3028701765280397	1.7469103374124118	-5.3827577038762673
0.730026	0.6661020622796457	-0.0971344100648389	0.0945092741878749	0.3199088257218594	-0.2572731058159458	0.1318865224841410
0.299043	-0.3790653709259364	-0.7010142917897111	0.5651793244115442	-0.5127270374910247	-0.3130539878836277	-0.5349106402202103
0.093362	-0.3848069937722989	-0.7036309839954237	0.5650403824133711	-1.0147811384640881	-0.1770654106670175	-0.3600164041601303
0.489247	0.5322504308374220	-0.7489685902723753	-1.2178250073654950	0.4600352494654912	0.3296183772918148	-0.2087637454552321
0.097864	0.5253392105597519	-0.7493548923576194	-1.2188106046746923	0.3838390889431235	0.0070610077518358	-0.8865275606899069
0.132132	1.4033302253321205	-3.5829361153945980	-1.3907764903909496	0.2659839719405561	-0.9171881898373834	-0.4130382142471445
0.117340	1.4033299462171305	-3.5829712129449605	-1.3908424023772092	-0.7183185306128620	1.9257833209849304	-0.1232167791269477
0.082618	3.2047475344628809	3.7463008085179355	0.6926523113444319	-0.6065154136326477	-0.3842333521067207	0.2485474406594742
0.310255	3.2043001828321644	3.7420290311112070	0.6944756053639586	-0.1377049467937539	0.0712322826541131	0.1827243136644263
0.164983	-1.4486607733009125	1.2497019806366634	-0.3301076044005959	-0.1228426124831924	-0.6204679085620253	-0.1877499227399157
0.375439	-1.4500515038400099	1.2452894193185997	-0.3366860493956881	-0.1173134847936335	-0.5976686540608372	-0.4836154730100506
0.124674	0.2276880402295414	0.0586343862142795	-0.0940787441287907	-0.6304466991575985	-0.3092981733388246	-0.4094724729036625
0.566969	0.2209982357157713	0.0680577938834775	-0.0941758932333980	-0.6285484882825153	-0.4676250713536572	-0.3976937121427757
0.758984	-0.6894910934720609	-0.7965489897230214	-0.3883883019971991	0.2581401836190944	-0.3369790165522356	0.3185119794376960
0.578592	-0.6848462560365463	-0.7822191694822599	-0.3723782080354227	-0.1848745241856544	-0.4006849003631095	0.3164057035861023
0.358938	0.3177572448774280	0.2984680366689538	-1.1110601925944537	0.2303773762060778	-0.6538993141169445	-0.0348994176595387
0.275709	0.3169420628435515	0.2983113663581758	-1.1111560034038592	-0.5932928336710258	-0.0063043092042980	-0.2878834711279485
0.107630	-0.0801100529102611	0.5871502059131180	-0.6324092537383921	0.4889586116647716	0.8183852020140326	0.0920224220000061
1.723918	-0.0800696583635320	0.5836384961309697	-0.6321726910905902	0.1734211328942570	0.4220538094345590	-0.2764222795584773
0.094264	0.0946180988000420	-0.2122847183566668	0.1312880525231014	-0.3783918429774336	-0.2402898427765204	0.5913303034071791
0.887659	0.0855101203883064	-0.2156837586210131	0.1368705671784788	-0.8678829044954917	-0.0890151189774989	0.9676867494460630
0.350605	0.2729614677810806	0.6150127242460065	-0.2040666849029599	-0.3185293264477583	-0.2422850679731751	-1.0997777775717159
0.801674	0.2745703717072245	0.6213831296602791	-0.2104050464185637	0.3493600707056045	-0.1384888380711237	-1.0379264812153475
0.094309	-0.1562680147606011	0.1783611355213753	-0.1159990785796057	-0.8157916974636058	-2.7221818649033169	-0.0321308291373404
1.718609	-0.1563304699226922	0.1782641467808987	-0.1159576929435663	-0.9965629971913633	-0.5042022516718652	-0.7500683956645389
0.107288	0.3454556752982875	1.1347114507711376	-0.0659915424952356	-1.9609322216333906	2.9373684195634788	1.4335761176498800
0.143305	0.3454727817723646	1.1346934690985726	-0.0660003431812123	0.3505107371981902	-2.3392434296211677	-1.9445284976465178
0.260491	-0.7051240381890450	0.0024840755577534	-0.0586940624644474	-0.7412502475150289	-0.6565237607311598	0.3339592944687482
1.418878	-0.7063427211051941	0.0051811611227154	-0.0557283787616496	0.3055717225676426	-0.0677106394673174	0.5355928203941902
0.328567	2.4768566435999193	-0.7729295489382936	-0.4156466274647675	0.6254777039542069	-0.1655842101109648	-0.6086343105657804
0.287411	2.4772532203980364	-0.7729191651914344	-0.4178639309816873	0.0958139457245133	-0.5771425406423214	0.4695562630575743
0.090069	0.1075238425311268	0.1441028289623518	-0.1126332730223316	0.2107789620953880	-0.7432446531759043	-0.4524454658843927
0.315442	0.1088694618531326	0.1441821512046292	-0.1142641938367263	0.0943229948250349	0.3574878249928084	-0.3081261962271782
0.202473	-0.8377997203480970	-0.3311802570784306	1.8758038142303735	0.9299246193838961	-0.6587674226955449	0.1604287778253535
0.852555	-0.8370901881732420	-0.3322192184378693	1.8790651598829455	0.0773291149309060	-0.3623849093399547	-0.4096873063039129
0.090515	-0.9729176108486931	-0.5267263234744205	-1.5589513041618490	-0.1546066052128567	-0.5160802304166835	0.2803511524834441
0.093451	-0.9707295062565803	-0.5291915027852304	-1.5564233501884119	0.1692188100393521	-0.5693681040121702	0.2724732030526064
0.098908	2.7718347232265668	4.7384303896611897	3.2020418989599913	-0.5154274534654463	0.1960709665560971	0.0602908138438173
0.306457	2.7716256748611316	4.7390315641838434	3.2051071736623045	0.0107148308403438	-0.0510964660423301	0.3275850430897290
0.328758	2.7319073678456762	7.2747117978418689	0.2461468902757182	-0.9217351241615575	-0.3810328957202420	-0.7862977968901170
0.897070	2.7314418487543666	7.2744613384724239	0.2474388209850736	0.3747328080999204	-0.1499167078540704	0.5823622488889674
0.367000	-0.1528648783353767	0.4449952358778382	-0.9206902641004092	0.0844363389111094	0.0647258866067884	-0.1120309400348245
0.136771	-0.1461220541732811	0.4432559002965081	-0.9137885891147751	-0.2046269491386012	0.3054704785186749	-0.1836600625008635
0.094660	1.2932048596673333	0.5053236478012337	0.1361419924851704	-0.5531653316830845	0.9835741034278298	1.1269322657353842
0.181128	1.2931650674571216	0.5051595231665754	0.1362634607336610	-0.2200632618573917	-0.2786993111549311	0.3102590320630182
0.192167	-0.3002888291592374	0.7237965651303614	-1.5716497372729126	-0.4962453131517189	-0.1150652874966781	-0.2630995930696425
0.095193	-0.2949576471466729	0.7171331826030236	-1.5562100187762333	-0.3866801102702795	0.1079096196111817	-0.3046834191253568
0.176070	-0.5077637930970609	-0.2851484578075540	-0.5555445758841473	-0.0745791438368398	-0.0060366195852842	0.1150644190485739
0.280738	-0.5073561064338336	-0.2853522024826722	-0.5555033405018852	0.2744186569394113	-0.3153418808704589	0.8571744816843233
0.102727	0.3796531466909776	-0.4931361684855996	-0.2691534042519503	0.2229614572512677	0.4464165230867387	-0.0427962309355904
0.277075	0.3795123316740788	-0.4926910576758041	-0.2696317375023102	-0.0383077650892340	0.9413244801323810	0.2952315753622958
0.197159	-0.2032159064773142	-0.0882920937661730	0.1904525675488247	-0.5342135431616847	-1.4248293065959021	0.0644658694409963
3.620044	-0.2017623204100483	-0.0889776785171377	0.1899635244905325	0.0674953685913674	-0.4645047514154508	-0.0124788685774574
2.225250	1.1981040135873988	-1.8196620887656534	0.8453544665879468	-0.0123699195446487	0.2264818588574149	0.0068933921127399
0.202124	1.2014701843240383	-1.8105651258117212	0.8354930565052987	0.1086868270794356	0.2330838650785270	-0.1737845764797469
0.186733	3.6814121857316588	0.4392150156270711	-0.2020865544833835	-0.2359096732097658	0.2043676009572820	-0.1098200900013503
0.634984	3.6778559748788746	0.4297307098843036	-0.2035918620017785	-0.1167173075410845	-0.2599569995946145	0.3424306316280023
0.450741	-1.0781027108841019	-2.2134642632773178	0.1942776916962599	0.5604492923007244	0.1378987666985028	-0.1533923905124815
0.374292	-1.0781753718088727	-2.2139292949863152	0.1943767603088779	-0.9691514862576250	-0.5474250807432998	0.6587042902261716
0.140857	0.1073872008194207	3.9540942227127824	1.7222641671182428	-0.3044899805565734	0.1350017618398621	-0.2694652566252172
0.311109	0.1156668992349571	3.9487681616466772	1.7277769393933538	-0.1387246973924406	-0.2954002632225857	-0.2356741492072552
0.112156	0.7885729040816275	-0.5222858845269084	-0.0903335399649135	-0.2876731631506249	0.3049379491021634	0.0206103311933590
0.336993	0.7761022333959110	-0.5254537530331606	-0.0894754520013843	-0.2019840756274690	0.4056547593802056	-0.3575306572651342
0.244957	-0.6441496165705861	-0.4247597347074655	-0.5271953247385148	-0.1541002963631028	0.1762722300781213	0.4701341305508265
0.287375	-0.6198338821444942	-0.4012500689328565	-0.5252577461775323	-0.2189535841421041	0.0694041374135041	0.3397212102301367
0.144039	0.1920205676086109	-0.7470955302157400	5.9953089972131091	-0.0488613162884839	-0.3572259720896540	0.2821958758357720
0.160917	0.1894294439888613	-0.7432209461018934	5.9939030345798372	0.0600075764305375	0.1892518327566103	0.0300610843395798
0.376375	-0.1515405138544094	1.3585484687288960	1.5018668685138101	-0.1459884749722214	0.2976902494148476	0.8618021766179522
0.192089	-0.1513700228793253	1.3586735125742548	1.5019694240359232	1.2217785748955583	-1.3220655742997021	0.2492572805877673
0.140820	-0.4005988392313513	1.0241554453415036	-0.1465859653390343	0.2818400313299890	0.8381614449482206	0.7057937633068835
0.103518	-0.4045330030954211	1.0230033443758701	-0.1512328021052043	0.0849616570274433	0.7667558107231197	0.4515824900570543
0.164402	-0.2936344585728051	-0.0741856666850476	0.2807452845122335	0.4077437881699642	-1.4750259637954035	1.3856827590218947
1.675573	-0.2935874285008004	-0.0742317253917020	0.2806608964633824	0.0903158818240947	0.3112707326027885	-0.6802631885811066
0.165104	-0.2501042379787115	0.1689833780517076	-0.0716901190411300	-0.8152421233070629	0.3557123623231602	0.3904435523899117
1.736105	-0.2484752490827778	0.1717852741110907	-0.0704020135522727	-0.2299894102580447	0.4222852208608484	0.6260797386201046
0.275724	1.0715476723426782	1.3301695023336162	0.8409567626492059	-0.5119394882128481	2.7533312305441227	-0.3074477950643840
0.354141	1.0716294484076867	1.3301281912243781	0.8408637566668060	-0.3296209888988961	-1.6137976906172227	-0.5630492415459921
16.569027	0.3109117709841873	-0.8403007238856585	0.9923553585034809	0.3355012341891229	-0.0867018861014007	0.4857986815789876
0.236841	0.3097954845251583	-0.8417310063075719	0.9938937330552505	-2.4748095813171345	2.7525695876543046	-0.8606182161081235
0.145182	-0.8281155918049031	-5.5228650706599351	-0.5968142038100498	-0.1283437284745430	0.1755727457978427	0.0502732304301768
0.127959	-0.8277683943946622	-5.5216609357634061	-0.5978415272228070	-0.1819121326807374	-0.1236690746394541	0.5067157720013714
0.107775	-0.8560789477166746	0.7185094787468405	-0.6573644326958056	-0.3403071960459912	0.1307536295308105	0.1795308861575775
0.274505	-0.8218652119117253	0.7068760110075565	-0.6632887435640114	-0.2704793180708686	0.0320281774286056	0.2996535653436603
0.484192	-0.0160263778987128	0.0273977171674419	0.0866577388882338	-0.7332604644862751	0.1833676083846871	-0.2283266194992184
0.087863	-0.0164114040075689	0.0271990586263884	0.0867181571127671	0.9486893088235154	0.4550468710845901	-1.3537916268466710
0.490123	-0.8177196141304796	-0.3013792372572336	0.6007598572739079	3.9099081852049538	-3.9445551452938901	-1.7721837936246012
0.176671	-0.8177201489898626	-0.3013754973433634	0.6007688681188440	-11.4025073802756367	9.5114928337243736	7.1441843025712828
0.111390	-0.6671355050075216	1.4588120952542543	-0.1291909533464826	0.7863712769649003	-0.8181412044200058	3.0896593236421941
0.167307	-0.6671268315044508	1.4588045908720562	-0.1291833349488783	-0.6343031022876782	1.0486228810484255	-2.3098497185109528
0.080262	-0.1349586316975305	-0.1026261410134063	-0.1035802032853059	-0.7960693491223121	0.7642444754838154	-0.1265538328340313
0.143592	-0.1365766753670192	-0.1036781313330608	-0.1034825911970364	-0.5870075317695945	0.4778036534935413	-0.0408581780503463
0.263043	-0.7440817287905827	0.4473517343342879	0.5394427184387531	0.4940469079872822	-0.5084620463213646	-0.1463941351462779
0.160114	-0.7509481143127678	0.4464521552035570	0.5029934125794927	0.4326379851669342	-0.6362866646604114	-0.1743576675837966
1.230838	-0.8198585745889851	-0.4942251830277745	-0.7354611000635047	0.0997272707107363	0.1980548692591803	-0.2526746504958879
2.055452	-0.8019825020834372	-0.4916227786808078	-0.7460664781169309	-0.1169021537661485	0.8514358405658820	0.3806271855389780
0.162065	0.8638977879742642	0.4757897376640335	-2.7514808396580457	-0.1720313334897079	-0.7262621225648732	-0.7208970404415014
4.526593	0.8698272464695113	0.4732508383904517	-2.7721825637895754	0.1703825111102137	-0.3744770573005946	-0.2336074444425484
2.004441	-0.1726780757255917	0.3962636171378959	0.8046306211120439	0.8248004342738292	-0.0016249362046838	-0.3862149246855806
0.209451	-0.1734381092067543	0.3968358799395282	0.8050537990773519	-0.6289228355312718	-0.4686348845290743	1.3826763980929724
0.495689	0.0409517249563282	-0.2391633509167169	-0.0503575581307196	1.8692730127077979	-0.0692185091948791	0.3257808356149911
0.254738	0.0402487226186523	-0.2394342641139802	-0.0504131432571247	-0.2650298867554432	0.5432730368953300	0.1661432815619901
0.099519	0.5893584523726764	-2.0721563840122124	-0.6877565159023271	-0.4165618392750852	0.1697690006651916	-0.3955819167575215
5.280033	0.5752455536260633	-2.0571493296930310	-0.6211244104587181	-0.5182809301829800	0.2060146014280619	-0.0782712640336267
0.223553	-1.4323348306785475	0.0692266273836213	-0.0937025014920536	-0.0147206542848994	0.2608040656840939	-0.4638551827109300
0.081813	-1.4487792629691121	0.0453710514686614	-0.1138082575024159	-0.0865974232165959	0.1969502155676656	-0.5554778906255753
0.199059	0.8701032405045664	0.4377580867353743	1.4386014940995726	-0.6737392854003368	-0.1655782098634929	0.4803446309615142
0.081143	0.8698785378218167	0.4372740166507215	1.4382700626294338	-0.7545445343781161	-0.4888651914676577	-0.1428574769610500
0.160845	-1.3872874408488449	-0.9006857751548740	0.4844074147656093	1.3181158995470701	-0.7406877270776615	0.2899121135351190
0.388851	-1.3870055945616406	-0.9009614723756784	0.4845908931267414	0.3419759664258228	0.3488337442699767	-0.0807488094849076
0.224795	2.5569002958171834	-2.4287110041138451	-0.6119711923568283	-1.6006762906701353	2.3356796947296559	-4.6703869608227295
1.615503	2.5569266062512765	-2.4287179483392571	-0.6120432118770972	0.5057634474137348	-0.4901392526861638	0.9434112416888683
0.119148	-0.3116624500963516	0.3094605363601275	-0.7331646375781059	-0.5157350845469300	-0.8231149525465724	0.1139648589368636
0.498318	-0.3129508676014955	0.3114611417289752	-0.7386646829661121	-1.0097657625252967	-0.2784989978864588	-0.1850933204849080
0.103245	0.7499315930416489	-0.0313149568222312	1.3082823678808950	-0.0209255474940939	0.5119851135812119	-0.3534950882598903
5.507067	0.7511006258255234	-0.0306636476113713	1.3061998498948253	-0.3230552856714967	0.5457373689674533	-0.1156999511351254
0.086739	-1.0070073582817776	0.5197000671631059	1.1246102465177925	-3.0623638092483465	-0.2017406669357462	0.4396251381671681
2.223956	-1.0072173241956137	0.5193168116567047	1.1248513114091807	0.0982889876217333	-0.4866781496780178	0.2067055497484014
0.174603	0.3541792874801093	1.2260463310378260	0.8524931558985551	-2.5042655839578463	-0.9606499278050796	-0.9297901956685962
0.365367	0.3542341760044503	1.2260572173874997	0.8523851767968632	1.3379011544968933	0.4469784307571444	0.3478020075113337
0.474180	2.7475623776240732	-1.0966143028674225	2.5096112644939561	-0.2806445888285186	0.2392006926145611	-0.1019988715422345
0.169157	2.7482761441417258	-1.0971454855271308	2.5093184644172051	-1.5563901910345326	-0.5710882206519041	0.3626645120552913
0.610801	-0.4264115925332496	-5.6465333248270406	-1.9720403361665082	0.0904038157806956	-0.0455921920402594	-0.0362042329870703
0.127984	-0.4291558595424572	-5.6462072037768429	-1.9718124289418035	0.6506802406901454	1.0152280213506699	-0.1024245842736991
0.246365	-0.3333968660424181	-0.9929219866597974	0.2521074552668627	-0.0388126388484817	-0.0333915653146584	0.6763524164372996
0.101769	-0.3318402919424071	-0.9936316370860417	0.2535058107684944	0.6745930571523767	-0.1391609696255223	0.7828086516590227
0.618809	-5.8769005254757021	-1.4640511905711127	-0.7768320581915378	2.0595680079653409	-0.9170547375684239	0.4935392374381296
0.685108	-5.8771122584296780	-1.4641392459205844	-0.7768182326261001	-2.0529734550547696	1.0472319784925039	-0.9622232262078046
0.133365	0.5619184002704973	0.5054780128909271	-2.3200503500063459	-0.5684028705324075	0.6362296729989362	0.0738281050338545
0.081591	0.5634716277076387	0.4952486378028378	-2.3162192461630196	-0.4477315163741753	0.6170642501749606	0.1515955059972842
0.131138	-2.0303160134677429	-0.4716397824311397	0.0441134711629384	-0.0074211173392189	0.0143565934552573	0.2384776149460820
0.158074	-2.0294672661711610	-0.4712688563997737	0.0435092965314179	-1.0862669626360686	0.5615799739795230	-0.1747468576752218
0.230533	-1.5333790682562323	-0.2404524795143532	0.6307345538989446	0.0420682310701034	0.1983514316773064	0.3973794497703847
0.197131	-1.5281780263915876	-0.2448240049498582	0.6201231843359344	-0.0937427733373570	0.0883502271573141	0.5872973726629011
0.115095	1.0980696035145940	1.2189278726198696	-0.1739078539588613	0.8117494022409297	-1.0762414551911061	-0.6098768719860587
0.210587	1.0982618947002680	1.2189555148602587	-0.1740705056234713	-1.0374592093887840	0.3019677688141063	0.2124249462509571
0.257660	-1.7616147827872846	1.5489634248916389	1.7919215862843683	-0.2391334711705911	0.4955729265712761	0.2242683322872749
0.823176	-1.7684903867568511	1.5691580402066849	1.7894373563916737	-0.4125016570851838	0.0061773358587045	0.0478528147601016
0.195961	-3.1405779234209326	1.6010567825718178	-0.2090527509784740	0.2102519814612005	-0.1194050876940633	0.3824710912374404
0.104866	-3.1426561005027942	1.6042187648041888	-0.2096121285992053	-0.3185328314405002	-0.2431071797289499	0.2291843931852010
0.180619	1.7171926281710912	0.5247681667924613	-0.9919260759476934	0.4509062028884173	-0.3792474052225372	-0.1125297482433263
0.452038	1.7140436787610906	0.5161941436524271	-0.9952709739791481	0.3644369241461378	-0.2440484986491109	-0.5339430655625909
0.327157	0.6684932610450292	1.7471290643227415	1.1416628847378605	1.9921054800969220	1.2966599900534315	-0.8721346059218098
0.263805	0.6684270598681968	1.7471144379979804	1.1416865182020111	-2.6416222722464804	-1.4602291406807073	1.7909202592333320
0.238069	-0.4784145208589596	0.8399955878061843	-0.5664301983421868	0.4003445681152586	0.6010937693901706	0.2825934604791815
0.500191	-0.4719554755402211	0.8352061693893719	-0.5445999491283833	0.1763609287290832	0.4698579245283134	0.2512272249748305
0.172126	-0.4007695222673293	1.1142089100142798	-0.2807969635633073	-0.0273281213445870	-0.7117421196439087	0.1258236968029084
0.166974	-0.3928608940519391	1.1133213941440414	-0.2890197495288581	-0.0452315472315634	-0.6229861282111999	0.2981685423707127
0.999610	-0.0958924568402321	-1.1389523275491078	0.0976190959154220	0.2126809530626032	0.4679654092937160	0.2663397154447372
0.097881	-0.0944853168802709	-1.1375871075556483	0.0969590492696340	-0.1321965598118083	0.1140237372569269	-1.0451250393993483
0.139662	-0.4532348540827587	-0.1266458360501344	0.1494418477013563	-0.3127536419155349	-0.6600755592648406	-0.3826889656348952
0.086151	-0.4563434609612571	-0.1278605361141877	0.1346996660161019	-0.0864614387168751	-0.5474003420390549	-0.2647367126521696
0.104897	-0.8743410358013548	1.2310921891501305	0.6321772424960939	0.0149874889286235	-0.6789921926592840	0.0716466976781174
0.482305	-0.8740987624485671	1.2335837148290398	0.6317704167699666	-0.1670567418213240	-0.7496345945258328	-0.5088446585045779
0.354651	0.7798403103290695	1.5505276024006436	0.0761448162097857	-0.0350234349149398	-0.2303019492527381	0.7739039256676501
0.710059	0.7708113100489328	1.5391846717928093	0.0678111518340439	0.0279037296290375	-0.1636828148029846	0.7301198479966227
0.087790	-1.7089946281363440	-0.9007474499239607	0.3864794278262603	0.0294477754127747	-0.2794528895983120	0.3927275837452800
0.663796	-1.7102038988119550	-0.8997659393161225	0.3892817093293490	0.2767748576716226	-0.1273055734254005	-0.1113834911097439
0.122168	4.7374133794100999	6.2184530344648596	-2.4951743495984373	-0.4429617921014390	0.2967581566109579	-0.9979461987568656
0.261496	4.7374202743600877	6.2187264188734543	-2.4951454648120941	-0.1261916676060666	-0.1137128320647301	0.8847586673538378
1.197149	-0.1536801279960400	-0.0842968388024003	0.0349981584994001	-0.8377427825611510	0.3113410658436016	0.8389305596209502
0.918704	-0.1532399189257719	-0.0844255839397493	0.0352122735635847	0.1340639326481460	-0.2982382177689976	1.5716602307225507
0.147779	-1.0392699973715134	1.4029965169760013	-0.9750322677394728	-1.1211389729110859	-2.4381269147590228	1.2494823951135219
0.717291	-1.0394064864792951	1.4030245441983873	-0.9747435815356005	0.1149415943121069	0.4794621419443237	-0.3608810062706102
1.835751	0.0791486314591601	0.2469715262621939	0.0840895018186477	-0.1876451708240982	0.3215540254178449	-0.0063370605255197
0.803107	0.0802652089664768	0.2443371806844391	0.0768878602031766	-0.1860067783847997	0.5379302438232696	-0.1699950981915164
0.125831	-0.8378302345270716	-0.6000712376948634	0.0965071623942275	-0.9142090179778872	0.1554347813580145	0.1910208072267703
0.140964	-0.8380612521653811	-0.5984521145727538	0.0951737017313249	-1.2987015339066632	-0.4580960941679866	0.0803528767269772
0.119303	1.4752218028419035	1.1608535490508165	-0.1318759005792413	-0.0589872672256357	0.4140371483600225	-0.3196908712928243
0.244399	1.4722872738948878	1.1619388707135418	-0.1338296994739439	-0.3286890043399441	0.6170108828306885	-0.2322030000337168
0.097967	-1.5088237908262490	1.2966858901211151	-1.4728945929626966	-0.2469723784151700	-0.5028335480450340	-0.1407648088798011
0.119309	-1.5057073628518320	1.2989869545767185	-1.4732916046478470	-0.0435009270848440	-0.1058462010214470	-0.5059985339291529
0.142518	-0.7491859113911822	-1.7692596530956244	-1.6616559876095471	0.1180553297171941	0.4344360358793971	0.1110289097450907
0.124326	-0.7441245446597536	-1.7660906786291206	-1.6711706777568671	0.3390945213999573	0.4107217296373948	0.1567626590772736
0.281357	-0.3398669866045797	0.1243618007260051	-0.1010999637083324	0.9606789134736348	0.4500385920593348	-1.3833260444977982
0.753045	-0.3373307557720832	0.1250428957581135	-0.1025701700735885	1.0569707243867628	0.5333436323868148	-0.3692564578583087
0.242709	0.7084349255070302	0.6312776170064610	-0.0887214576418076	-0.2955231350248027	1.0022759069624236	-1.1002603775919315
5.683103	0.7369853852294584	0.6436017247516057	-0.0821983741477707	-0.1920080819921512	0.5239510349738572	-0.6822405827834873
0.156711	-1.1034855939811676	-0.2747824464620713	0.2432861654363342	-0.3915188215022701	0.7536643513641902	0.2612661706532451
3.923927	-1.0975591836571708	-0.2838784086018898	0.2500497407508966	-0.1210866375213820	0.0550962969055334	0.1607768307647013
0.960508	-0.2708078485213001	-1.0014511676095863	-2.3200343390740459	-1.6432815647340828	0.2231520818438741	-0.1353708516757991
0.296424	-0.2707474714356057	-1.0014952426779775	-2.3201818666166836	3.3736217537183890	0.0890842260338572	0.6811513790300181
0.237377	-0.5167508318194344	-0.6790795219501203	0.7691188232323658	0.0281810136411867	-0.0799124210373260	0.2932413292667542
0.197674	-0.5114782911742033	-0.6805754818147569	0.7857765098508515	0.2230762493344679	-0.2953487140628258	0.0574955017936742
0.276091	-0.3942901679867228	1.3175721861543601	0.2156207659663191	0.1567542976088792	-0.8161317159979432	0.8198779978205156
0.120672	-0.3942666678614184	1.3174115546372687	0.2156062224799590	-0.6646333531751051	-0.4904779600888419	-1.6889466529501969
0.530396	0.4219411515600345	-0.0465059311390362	0.0299709414542365	-0.1005454919881119	-0.6929173914495310	0.4913816826756099
3.376710	0.4257429574343395	-0.0520284301270547	0.0284315771797583	-0.7775877266033093	0.3890774537676106	0.8970044423633188
1.186686	-0.7631112793986975	-0.0653148494208848	0.0242190547596144	-0.3044140307689063	0.1785014315987502	0.2497486348864985
0.199734	-0.7614721685118377	-0.0652877456499076	0.0255135184022702	1.1069550151516305	0.7482118092362804	-0.8595971916034774
0.608860	-0.1959035353505709	0.4304260520853284	-0.4717094487284253	0.0282887756949686	-0.8648418909348976	0.3411962763634026
0.255239	-0.1841173770542533	0.4087323174334713	-0.4598310637908970	0.0272757300826733	-0.6595808612161208	0.0810754312424675
0.913127	-0.0737495197974448	0.0537141400569233	0.3631360631223762	-0.1452678035950864	-0.1829609951960711	-0.7376949282384597
0.129477	-0.0838192250375029	0.0470553817663035	0.3575991083262328	-0.0743887452563939	-0.5210292239311495	-0.9572999053931798
0.163818	0.6058308879947788	1.1087370481244900	-0.1421963335355768	-0.4624810089509557	0.4788323216896243	-1.1297557554377702
2.426492	0.6062074468019326	1.1064192219885434	-0.1412074838093757	-0.2338735019506309	-0.6636873674669882	0.2888146043575787
0.136179	-0.0900209333275956	0.1458958153022656	0.9743388250416826	-3.5689169692317253	1.7024189646991104	-5.0699472377201991
0.303513	-0.0900380735105160	0.1458767811340328	0.9743349872465354	0.6230458981644069	0.3459332806161423	3.0134482103898170
6.258395	0.2847617926323164	-0.2543021118160360	-0.5762359957750277	-0.6949748377852273	-0.6526170891339066	1.6963874217294830
0.400262	0.2847045521053782	-0.2542713117466306	-0.5762310360307135	10.8502845516623569	5.9631483856516789	-13.8993842064818320
0.550965	-1.6179238116273753	-0.6130202003488570	-0.0436165943477737	0.0545243201845582	0.5667906135035566	0.7677176987536266
0.138297	-1.6179346727160091	-0.6128798334560451	-0.0437025715551445	-2.1705475381044885	-2.5671051902633004	-2.6676230311978317
0.604237	0.6827181646196414	-0.5132438633950734	-0.8021565674866731	0.0583086829500022	-0.1392838416073375	-0.3572956670268519
0.090123	0.6824246104502686	-0.5469617717175045	-0.8012698655278284	0.1441723801099622	-0.0018248647784725	-0.4300589457309964
27.249919	0.3741370003255567	-0.0480247903138596	0.0345503762008382	0.5544279182157243	-0.2301315145984807	-0.4231240215991732
0.477038	0.3741945320682662	-0.0493584921580698	0.0344561244877539	2.6024565371427748	-4.4764306886885530	-8.2176528489922500
0.280860	0.4236840314956651	-0.1002851394382775	-0.6220416288304776	-0.7011587821608852	-0.3847171682842810	-0.0807356719202401
2.490386	0.4289385566566233	-0.1044289522562757	-0.6278890623501844	0.0049408825301360	0.2864719218379492	0.7955984044316554
0.797439	-0.8142396784136036	-0.5565806305529533	0.8992362675379920	0.7287324041238855	0.3367015157237848	-0.7067961418485309
0.296662	-0.8101351104091633	-0.5569841162094766	0.9016129417898742	0.5269782741915796	-0.0668358590439240	-0.9234138947519851
0.866383	-0.6609286010970943	-0.9749416069028765	-0.3886929327154965	-0.5046244345356534	0.6081193102263620	-0.3533518119315185
0.080367	-0.6613434905401773	-0.9752027025489028	-0.3883297735493251	-2.2118069954241752	-1.0152296320666372	-0.2208524908955670
0.093429	0.3647535212976387	0.8176242245615496	-0.0724905063259937	-0.4507267772203966	0.9181746022854798	-1.9017095860811630
0.531987	0.3645359199705148	0.8172697445253554	-0.0732821362739004	-0.3328962757530017	0.7024900848537315	-0.0982923120558644
0.282828	-0.6554046887617740	-0.7453803674633902	-0.0137682861046457	-0.0392086447483143	0.1656965089070725	0.2376455454428512
0.138008	-0.6565556014768994	-0.7481063192113382	-0.0162492781695964	0.0294309720622105	-0.1860209013904516	0.7255950273355465
0.160361	-0.3919601950077509	0.7956205948960450	-0.3661567584872532	-1.2314355882796733	-0.2373267811725027	0.7426549124484529
1.074369	-0.4022124951312453	0.7918776984942221	-0.3670639155905522	-1.1836429864561289	-0.1038782058810527	0.6671293055883193
0.151022	0.9105628158737797	-0.6032280291170274	0.3407459029438574	-0.7151537065640738	-1.4367642999292483	-1.3837571613397457
0.418641	0.9104333761264876	-0.6033431724025056	0.3405658221802778	0.8030280537361491	0.8995664690269596	1.2109985240614818
0.638946	-1.0158514389520996	0.4340160163595148	0.2089151647135739	0.4492635249234008	0.1793486013072249	0.6869881164263787
1.482377	-1.0291669057602424	0.4253438537146391	0.1778955606424447	0.0433560839372625	0.1128962636280103	0.4961617726838348
0.870722	-0.7173854753541867	0.9657263715343661	-0.5965296278804516	0.2356343740475795	0.0063127578610861	-0.8113363108329724
1.093382	-0.7415164652321770	0.9980301472509013	-0.6391072150371667	0.2039132044515608	-0.0179962771729586	-0.5477736894665034
2.604899	-0.3989772793211499	-0.0623176886534650	-0.0808406319166570	-1.0029892551135549	0.3329817971399806	0.0797644329200045
0.162681	-0.3938240770283704	-0.0670441670283485	-0.0846412022489324	-0.5758520721614949	0.0424211368847475	0.4895957532008400
0.247721	-0.0442425746632217	0.0130242932149718	-0.2065007330483565	0.9201315914689930	-0.2058720072677788	-0.8670000481066968
0.177352	-0.0433210499180458	0.0085696328218388	-0.2063635078691288	1.0288046812066323	-0.0500035131937273	-0.9498080006681451
0.163500	0.2723293841896855	-0.6085388691492587	-0.6330546311276350	0.4291868180162733	0.9032493972570500	0.6481409949600729
0.250811	0.2729809109470292	-0.6089873795069076	-0.6305465938006943	-0.5191353480730055	0.7018940297078424	0.2295677799164407
0.102297	1.7472429870741442	-3.3996506519307248	2.9749139639789433	-0.3119862942105391	-0.6279060103284323	-0.4765766908031535
0.455926	1.7460564409310750	-3.4014277724651629	2.9755596974949658	-0.0997698024738717	0.4278321670718547	-0.4723199878789329
0.271482	3.6935156906975868	1.9730345538029070	0.0190878076236571	0.0912706307147965	-0.2003269337757324	-0.1832336132343949
0.173292	3.6921008903613135	1.9748901121336850	0.0177300872979830	-0.7495605193274997	0.4666697319438346	-0.2089247075966866
0.096459	-4.2481889880888177	-1.5941944414992981	-2.3299706703577985	-0.0991645712770878	0.3644704793389572	0.1114618467950924
0.151383	-4.2467377956604926	-1.5937527792653683	-2.3296618787947132	-0.1894957454496142	-0.2471667626448025	-0.1078324558016800
0.085236	4.0456852674911126	0.9150155888593924	1.5308691826156058	-0.0330625674614193	0.3718115529877721	0.1855087372324327
0.153076	4.0623496473955303	0.9129282943696346	1.5412495281423280	-0.1436262717473619	0.3965277718114110	0.2688981935955816
0.101054	-0.9745879662262950	2.8618535819345170	-1.6123197810909893	-0.9977447774084374	0.7988404325473346	0.2782927675388935
0.248177	-0.9744289047847484	2.8617424721831073	-1.6124869839056122	0.3367207820885472	-0.0974258829630428	0.7916005876049304
0.566965	-0.0781122237045015	0.1717714096106992	1.6405823735369602	0.5132425138758427	-0.0962306783812133	0.3493030843010194
0.117536	-0.0784254164335604	0.1733830638509277	1.6406457766140701	-0.3625227938801878	0.9723531173147316	-0.4990196678664744
0.334006	-2.7136796582769085	0.5583808590312018	4.6728979667552331	-0.0591391284079655	-0.1387101727327581	0.0802660841310084
0.233998	-2.7111974961291723	0.5501104830393826	4.6702690570742194	0.2178650326847597	-0.1874408689847689	0.1890880768717679
0.124165	-0.7174186351147862	4.4306811484545108	0.6376486089425223	-0.2174378619230400	-0.6175653341770384	0.1024231893723542
0.201134	-0.7291019134460059	4.4271568717561811	0.6332180265750906	-0.3911737712147116	-0.4593280206833862	-0.1312757287776114
0.434006	0.5368325936963034	1.6276524442702252	0.8133088473228911	0.0299465129831151	0.0467613090673979	0.7782217245866513
0.082947	0.5294336718117643	1.6227538233118390	0.8208146983986804	-0.0846550819640252	-0.1230126659763303	0.4655489237827318
0.207123	1.5042211809968140	-0.5916049039555007	0.1304844461963311	1.1940675690222433	1.4201544891297171	-0.7334099701816449
1.339219	1.5023590388294605	-0.5900153527690652	0.1311848069251433	0.4034727724865526	-0.2256717225005552	-0.1709342020196670
0.121215	-1.4384227683663773	-3.2408686704305119	-2.8066075841346594	-0.3498802668381166	0.1002576429009684	-0.2832810810014229
0.135880	-1.4387216201605411	-3.2409321442571017	-2.8059959773340584	-0.1222990934881865	0.5736776875390036	0.8528312003276241
0.133282	-2.4433005379782635	4.8330608039636962	-0.1064309088730571	-0.1496142702933145	-0.1263020074504964	-0.0238360187514737
0.080676	-2.4416569384259281	4.8366616565043712	-0.1006745398251190	-0.4704008065770284	-0.0580226630401612	-0.3075277138513220
0.137458	3.4392679350880524	3.2597513463941765	6.8503707172473129	-0.0468137537977654	-0.9304160547080481	0.8163910170410250
0.444162	3.4391595856744912	3.2597315657584973	6.8506893293335684	-0.3565423639002089	0.5918777521041367	-0.0684492062537915
0.496818	0.6618158676213841	0.0777169712996975	-0.7194784434296566	-0.4418502326129931	0.3414919789603008	0.2492720176966457
0.368702	0.6627847393289021	0.0861753002237378	-0.7215808413204264	-0.3308618748246100	-0.1589627536040968	-0.1270450389501833
0.384539	0.1094056690174103	-1.8454762079292286	-5.1094390826151672	-0.1969031715778045	1.5434817393640614	-2.9725155378474386
0.180125	0.1094029080618587	-1.8454639589562638	-5.1094353238308399	-0.6584456029562457	-3.6800280716245632	6.2760172439626380
0.353749	0.4931298363098406	0.5207905540684773	0.8637670233163369	0.1762828834398006	0.1387182553329477	0.2113978088429449
0.108921	0.4928932235875306	0.5205479167484265	0.8636648840744260	0.9993948820011862	0.5893320314438492	0.5583196779279066
0.691345	-3.1635135766942875	-0.4768423634854826	-2.2568325180369020	-0.2663721184717876	-0.0481427899972120	0.4304518032824716
0.092841	-3.1437984681282538	-0.4687555864273437	-2.2627618203912370	-0.6290021048838311	-0.0171204070668644	0.3578489195431570
0.159251	0.3149742217364817	1.0394306303092085	-1.0488091010896128	-0.0625153717356888	-0.0319706017485615	0.6661533237406547
0.224622	0.3136541707009100	1.0389933915468801	-1.0427512742901428	-0.1515261901840535	0.0327474344405605	0.6439915582716687
0.407175	-0.2263224531466560	-0.2852552642291755	-0.0818049086995194	0.6098440736437903	-1.3476890066096743	0.1311522716248029
0.304052	-0.2256577380072523	-0.2847557686468999	-0.0825097749240063	-0.2385547593968808	0.0066666630998310	-0.3480825169955299
0.153600	-0.5665748682396713	-0.5434608663074185	-0.2203282871366165	-0.1105823183665738	-0.2371867715804373	-0.0449656098475815
0.320582	-0.5669985615001648	-0.5369367392837739	-0.2177583101207345	-0.2116710943697144	-0.0792802071022722	0.3826722758337278
0.374127	-0.0339489383993811	-0.4952746660297864	-0.2101131737887451	-0.7369826258312989	-0.1022284555661211	0.4599425796692857
0.122636	-0.0455206109583966	-0.5127850296202386	-0.2159312955368050	-0.7970714677542774	-0.0881228137669526	0.2955712445138827
0.969774	-1.0199881497560639	0.3770766523542226	-0.1107846609592937	0.1376806540855727	0.5843929272807663	-0.3321161023268706
0.201596	-1.0165332108356648	0.3794269623024901	-0.1103702381726589	-0.0860594026578662	0.4409862640009325	-0.6375245149526427
3.366071	-0.4944974588449630	1.8409892873112703	-2.8737470470007342	0.1404147070761866	-0.4890448321989018	0.2251988478927584
0.340181	-0.5083658178313164	1.8186833158912579	-2.8842210185180521	0.3335849654211106	-0.2202791736917945	-0.4548932618582514
0.115471	0.6491538306833634	0.0265248124739395	-0.0435720107900333	0.6665194060401777	-0.5019108771461951	0.5789493408029396
0.229922	0.6609213240330334	0.0113655476624511	-0.0593741433465176	0.5596776178382733	-0.3806965203096405	0.6002031664073502
0.093839	0.2767086033236993	0.0723271976070411	0.4692384927434324	-0.7567346597005112	0.2367471915217185	0.5157231753365155
0.378598	0.2813396913147109	0.0783364265803045	0.4613628480561431	-0.5508425484233007	-0.1475448044491599	0.5280984660873410
0.089667	0.6877370026137600	0.5263771119875964	1.3589006297409225	-0.7578213729733980	-0.0011314877504683	-0.1071950314367040
0.468871	0.6842410222954208	0.5273770645456869	1.3531354005789864	-0.8031024558003456	0.0149238106617055	0.1379814112015570
0.501510	1.3219784691302408	-0.9649829706718995	-1.1306466537198459	1.5129414410404800	1.0501027274867976	-0.6193702761109390
0.186595	1.3219991545358534	-0.9650540751327616	-1.1306100351097004	-4.4679823481406471	-2.0183587707944102	-0.2864441760287352
18.203191	-0.1234406842192237	-0.5466377825999655	0.2899896832313524	-0.0319535341921536	0.0020778274993480	-0.5483154351006334
0.809931	-0.1233962748164194	-0.5465255732734723	0.2900088663793249	-0.7167735225574633	10.3211360246625077	-1.7136664706917422
0.242782	-0.5156793010098556	-0.2770368409927669	0.3267351644666717	-2.4281362535843773	-1.2594726667929443	0.7014081173022635
0.262180	-0.5157028377125429	-0.2771249958327450	0.3266981307102663	1.8606366214752015	-0.0245565478998988	1.3587519816292655
0.225270	-0.9424131625272441	-0.0240308593792606	-0.5119033346615610	0.8368506249696412	-0.0528771416618758	0.6113470140061859
0.143225	-0.9620310692483115	-0.0394331514743326	-0.5202768679317480	1.0073109643747973	0.0573461650902984	0.7686760533616630
0.261270	-0.3774816729484403	0.1703648214235595	-0.0179667589712347	0.3046509343016283	-0.6735963623444490	0.2020297039040584
0.164989	-0.3770937299429623	0.1713949080827653	-0.0178122778493119	-0.2453404989659553	-1.3652363901568998	0.5637345407674298
0.262946	0.5792834879868021	-2.1789760494543313	1.4381452245713937	0.0334836431885466	-0.2289636290488656	0.1573633477984539
0.111737	0.6190087848751386	-2.2029203556569952	1.4373752803980506	0.0538066324019086	-0.1905919445575694	0.2226949877647054
